979 3
1308
3132 9
3203
3509 10
3546
4146 12
4862
5761 15
6933
8450 20
8549
8848 21
8947
9246 22
9345
9648 23
9756
10075 24
10152
10753 26
17061
19208 33
19307
19606 34
19705
20004 35
20103
20406 36
20504
20805 37
21556
21857 38
22149
22446 39
24363
24660 40
24890
25191 41
25263
25560 42
25780
26079 43
26141
26440 44
26502
26805 45
26867
27168 46
117794
119331 51
119430
119729 52
119828
120127 53
120226
120525 54
120623
120920 55
121227
121524 56
121745
122044 57
122106
122409 58
122471
122770 59
122832
123131 60
123185
124712 65
124811
125110 66
125209
125508 67
125607
125908 68
126006
126307 69
126568
126869 70
126981
128509 75
128608
128907 76
129006
129305 77
129404
129719 78
129739
