1268 3
1603
2829 7
2912
3218 8
3255
3855 10
4579
5478 13
6656
8480 19
8579
8882 20
8981
9284 21
9383
9686 22
9784
10085 23
10679
10980 24
11272
11573 25
11789
12090 26
12162
12463 27
12683
12986 28
13048
13351 29
13413
13716 30
13778
14079 31
103456
104989 36
105088
105391 37
105490
105793 38
105892
106195 39
106293
106594 40
106901
107202 41
107423
107726 42
107788
108087 43
108149
108448 44
108510
108807 45
158147
159678 50
159777
160080 51
160179
160482 52
160581
162105 57
162204
162503 58
162602
162901 59
163000
