1268 3
1603
2829 7
2912
3218 8
3255
3855 10
4579
5478 13
6656
8173 18
8272
8571 19
8670
8973 20
9072
9678 22
9786
10105 23
10182
10779 25
17439
19590 32
19689
19988 33
20087
20386 34
20485
21087 36
21185
21486 37
21810
22111 38
22403
22700 39
22916
23213 40
23285
23582 41
23802
24105 42
24167
24466 43
24528
24827 44
24889
25190 45
114567
116104 50
116203
116506 51
116605
116908 52
117007
117613 54
117711
118012 55
118319
118620 56
118841
119144 57
119206
119509 58
119571
119874 59
119936
120237 60
171106
172633 65
172732
173031 66
173130
173429 67
173528
175052 72
175151
175454 73
175553
175856 74
175955
