979 3
1308
3132 9
3203
3509 10
3546
4146 12
4862
5761 15
6933
8450 20
8549
8848 21
8947
9246 22
9345
9648 23
9756
10075 24
10152
10753 26
17419
19566 33
19665
19964 34
20063
20362 35
20461
20764 36
20862
21163 37
21914
22215 38
22507
22804 39
26821
27118 40
27348
27649 41
27721
28018 42
28238
28537 43
28599
28898 44
28960
29263 45
29325
29626 46
120252
121789 51
121888
122187 52
122286
122585 53
122684
122983 54
123081
123378 55
123685
123982 56
124203
124502 57
124564
124867 58
124929
125228 59
125290
125589 60
125643
127170 65
127269
127568 66
127667
127966 67
128065
128366 68
128464
128765 69
129026
129327 70
129439
130967 75
131066
131365 76
131464
131763 77
131862
132177 78
132197
