979 3
1308
3132 9
3203
3509 10
3546
4146 12
4862
5761 15
7045
8562 20
8661
8960 21
9059
9358 22
9457
9760 23
9868
10187 24
10264
10865 26
17383
19530 33
19629
19928 34
20027
20326 35
20425
20728 36
20826
21127 37
21721
22022 38
22314
22611 39
22827
23124 40
23196
23497 41
23717
24016 42
24078
24377 43
24439
24738 44
24800
25101 45
114478
116015 50
116114
116417 51
116516
116819 52
116918
117221 53
117319
117620 54
117927
118228 55
118449
118752 56
118814
119117 57
119179
119482 58
119544
119845 59
181978
183509 64
183608
183907 65
184006
184305 66
184404
185932 71
186031
186330 72
186429
186732 73
186831
