979 3
1314
2540 7
2623
2929 8
2966
3566 10
4290
5189 13
6367
7884 18
7983
8282 19
8381
8684 20
8783
9389 22
9497
9816 23
9893
10490 25
16815
18966 32
19065
19364 33
19463
19762 34
19861
20463 36
20561
20862 37
21186
21487 38
22183
22480 39
24497
24794 40
24864
25161 41
25377
25680 42
25742
26041 43
26103
26402 44
26464
26765 45
116256
117793 50
117892
118195 51
118294
118597 52
118696
119302 54
119400
119701 55
120008
120309 56
120528
120831 57
120893
121196 58
121258
121561 59
121623
121924 60
172969
