979 3
1308
3132 9
3203
3509 10
3546
4146 12
4862
5761 15
6933
8450 20
8549
8848 21
8947
9246 22
9345
9648 23
9756
10075 24
10152
10753 26
17253
19400 33
19499
19798 34
19897
20196 35
20295
20598 36
20696
20997 37
21591
21892 38
22184
22481 39
25598
25895 40
25967
26268 41
26488
26787 42
26849
27148 43
27210
27509 44
27571
27872 45
117363
118900 50
118999
119302 51
119401
119704 52
119803
120106 53
120204
120505 54
120812
121113 55
121334
121637 56
121699
122002 57
122064
122367 58
122429
122730 59
195511
197042 64
197141
197440 65
197539
197838 66
197937
199465 71
199564
199863 72
199962
200265 73
200364
