1081 3
1410
3234 9
3305
3611 10
3648
4248 12
4964
5863 15
7147
8664 20
8763
9062 21
9161
9460 22
9559
9862 23
9970
10289 24
10366
10967 26
17248
19395 33
19494
19793 34
19892
20191 35
20290
20593 36
20691
20992 37
21743
22044 38
22740
23037 39
25354
25651 40
25881
26182 41
26254
26551 42
26771
27070 43
27132
27431 44
27493
27796 45
27858
28159 46
114831
116368 51
116467
116766 52
116865
117164 53
117263
117562 54
117660
117957 55
118264
118561 56
118782
119081 57
119143
119446 58
119508
119807 59
119869
120168 60
120222
121749 65
121848
122147 66
122246
122545 67
122644
122945 68
123183
