979 3
1308
3132 9
3203
3509 10
3546
4146 12
4862
5761 15
6933
8450 20
8549
8848 21
8947
9246 22
9345
9648 23
9756
10075 24
10152
10753 26
17054
19201 33
19300
19599 34
19698
19997 35
20096
20399 36
20497
20798 37
21549
21850 38
22142
22439 39
23856
24153 40
24383
24684 41
24756
25053 42
25273
25572 43
25634
25933 44
25995
26298 45
26360
26661 46
117287
118824 51
118923
119222 52
119321
119620 53
119719
120018 54
120116
120413 55
120720
121017 56
121238
121537 57
121599
121902 58
121964
122263 59
122325
122624 60
122678
124205 65
124304
124603 66
124702
125001 67
125100
125401 68
125499
125800 69
126061
126362 70
126474
128002 75
128101
128400 76
128499
128798 77
128897
129212 78
129232
