979 3
1308
3132 9
3203
3509 10
3546
4146 12
4862
5761 15
6933
8450 20
8549
8848 21
8947
9246 22
9345
9648 23
9756
10075 24
10152
10753 26
17041
19188 33
19287
19586 34
19685
19984 35
20083
20386 36
20484
20785 37
21536
21837 38
22129
22426 39
22642
22939 40
23169
23470 41
23542
23839 42
24059
24358 43
24420
24719 44
24781
25084 45
25146
25447 46
115959
117496 51
117595
117894 52
117993
118292 53
118391
118690 54
118788
119085 55
119392
119689 56
119910
120209 57
120271
120574 58
120636
120935 59
120997
121296 60
121350
122877 65
122976
123275 66
123374
123673 67
123772
124073 68
124171
124472 69
124733
125034 70
125146
126674 75
126773
127072 76
127171
127470 77
127569
127884 78
127904
