979 3
1308
3132 9
3203
3509 10
3546
4146 12
4862
5761 15
6933
8450 20
8549
8848 21
8947
9246 22
9345
9648 23
9756
10075 24
10152
10753 26
16976
19123 33
19222
19521 34
19620
19919 35
20018
20321 36
20419
20720 37
21471
21772 38
22468
22765 39
24282
24579 40
24809
25110 41
25182
25479 42
25699
25998 43
26060
26359 44
26421
26724 45
26786
27087 46
117713
119250 51
119349
119648 52
119747
120046 53
120145
120444 54
120542
120839 55
121146
121443 56
121664
121963 57
122025
122328 58
122390
122689 59
122751
123050 60
123104
124631 65
124730
125029 66
125128
125427 67
125526
125827 68
125925
126226 69
126487
126788 70
126900
128428 75
128527
128826 76
128925
129224 77
129323
129638 78
129658
