979 3
1308
3132 9
3203
3509 10
3546
4146 12
4862
5761 15
6933
8450 20
8549
8848 21
8947
9246 22
9345
9648 23
9756
10075 24
10152
10753 26
17114
19261 33
19360
19659 34
19758
20057 35
20156
20459 36
20557
20858 37
21609
21910 38
22202
22499 39
22715
23012 40
23242
23543 41
23615
23912 42
24132
24431 43
24493
24792 44
24854
25157 45
25219
25520 46
116032
117569 51
117668
117967 52
118066
118365 53
118464
118763 54
118861
119158 55
119465
119762 56
119983
120282 57
120344
120647 58
120709
121008 59
121070
121369 60
121423
122950 65
123049
123348 66
123447
123746 67
123845
124146 68
124244
124545 69
124806
125107 70
125219
126747 75
126846
127145 76
127244
127543 77
127642
127957 78
127977
