1268 3
1603
2829 7
2912
3218 8
3255
3855 10
4579
5478 13
6656
8181 18
8280
8579 19
8678
8981 20
9080
9686 22
9784
10085 23
10679
10980 24
11272
11573 25
11789
12090 26
12162
12463 27
12683
12986 28
13048
13351 29
13413
13716 30
13778
14079 31
103456
104989 36
105088
105391 37
105490
105793 38
105892
106498 40
106596
106897 41
107204
107505 42
107726
108025 43
108087
108386 44
108448
108747 45
108809
109110 46
158802
160333 51
160432
160731 52
160830
161129 53
161228
162748 58
162847
163146 59
163245
163548 60
163647
