1081 3
1410
3234 9
3305
3611 10
3648
4248 12
4964
5863 15
7035
8552 20
8651
8950 21
9049
9348 22
9447
9750 23
9858
10177 24
10254
10855 26
17075
19222 33
19321
19620 34
19719
20018 35
20117
20420 36
20518
20819 37
21570
21871 38
22163
22460 39
22676
22973 40
23203
23504 41
23576
23873 42
24093
24392 43
24454
24753 44
24815
25118 45
25180
25481 46
112039
113576 51
113675
113974 52
114073
114372 53
114471
114770 54
114868
115165 55
115472
115769 56
115990
116289 57
116351
116654 58
116716
117015 59
117077
117376 60
117430
118957 65
119056
119355 66
119454
119753 67
119852
120153 68
120391
