1264 3
1593
3417 9
3488
3794 10
3831
4431 12
5147
6046 15
7218
8735 20
8834
9133 21
9232
9531 22
9630
9933 23
10041
10360 24
10437
11038 26
17347
19494 33
19593
19892 34
19991
20290 35
20389
20692 36
20790
21091 37
21842
22143 38
22839
23136 39
24853
25150 40
25380
25681 41
25753
26050 42
26270
26569 43
26631
26930 44
26992
27295 45
27357
27658 46
116365
117902 51
118001
118300 52
118399
118698 53
118797
119096 54
119194
119491 55
119798
120095 56
120316
120615 57
120677
120980 58
121042
121341 59
121403
121702 60
121756
123283 65
123382
123681 66
123780
124079 67
124178
124479 68
126420
